351

Μ6336666, 61 666 111166, 11616 66611666. 12. Et 166
enfans 66 11666666 66 6661661 6661166661 166 116111-
1666 66 666 villos-la, 16616 16 0116666666 6616166666
61611133.61611611..1.ῐ’11τ”.111ε
11661 16 chananaea tributaire: 1661661616 116 66 16
6661166661661 66161. 14. 01 166 enfans 66 1666611
6111161661 6 16666, 616666, Pom-quoy m’as·tu ‚donqe
66 6661 161, 61 66 6661 66111636, 166 666, 16 6616
““ ³¹⁸¹¹⁰¹ ‘'⁶⁰⁹¹‘’ ⁰¹¹ ΓὲἻιθῖἓὲέῗέἒέ 11ὲῖ 810ῗὲ
66 61 3166 ²) 666616, 1116616 66 16 fenest) ,61 16
3611 1331611 1661111161111
1166 661116. 16. Auquol 166 661666 66 1666611 ,16-
22⁰3⁶5⁰.?‘:1.⁰⁶:ff.„³¹35.⁰‘3.⁸¹}2. ¹223 {zuzufgssnzffi
661 habite 66 16 16116 66 16 161166, 61 66 celuy 661
hspite 611 Β6111-6666 61 66 111166 (Piceno, 61 66 66167
³2¹ 2¹²33¹223202²43⁸3¹ffi 3¹2? 6631116811
16 Ἒῃῗιῗξ 31166ἓω1613661 1116,Β nqguffitspguoffie’pg
ww& ,11911ῑῖῑεῖ 12..ΐὲἒὲ ’1εηῖῗέ
166 166666 ⁸) 6’166116 1’666611166(11661, 6 66666 666
16 66 666116666166 16 0116666666, 666] 61611 611 666
chanuto 66 161, quelque 66166661 66’11 6611.

Chapitro xvm.

1. 01 16616 16 multitude 666 enfans 6Ἰ61661
6’6666161)16 66 8116, 61 1611661 16 16 1666166616 66
ω”ῗᾛῗὲἳθάἒὲῗίεὲἶθέᾗὲἓῗθ.ἔὲἑέἒιζ“ἔὲἳῖ.ῗὲ’ἒὲἷ
616161 611166 1661 1161111136, 11 66 661611 66166616 {opt
1136666. 3. Et 16666 611 aux enfans 6Ἰ61661, 166-
66’6 66666 666666 1666 6’661161,’) 6661 66666661 16
Μεθ’ 2¹2⁶. 118166 11111 ,2111113111
gom? Ιι113666, 16666616 i'envoyeray: 61 66 16161661,
61 6116161661661 661· 16 161-16, 6116 6666111661 66166 ⁶)
1661 1161111136, 61 6616 116 161661661661 6 moy.
5. Et 16 (1111661661 66 6661 parts: 1666 66 1166616
66 666 11161166 66 Midi: 61 166 161611166 66 1666611
66 1166111661 66 16616 11161166 ⁸) 66 86616611166.
6. Ε1 1666, 6666111611 16 16116 66 6661 66116, 61
m'apportez 161 ω que vous <m aum fait.- 61616 16
1666 1611616γ 161 16 6611 661661 16 86136661 666116
Β166. 7. 061 11 n’y 6 66161 (16 6611166 pour 166

1666666 6 166661 ⁶?

 

ἶ) ffisssroffi {fidam 16. auio.) neu moe 0. suiv.
δὲ 11161166 dmm.

· ⁴) 611616166166 1666 (16 16611 Ο. 46. 54. 66666166 1666 66
'⁰¹¹¹‘ :Yffinqffirffolssfiffl 1333. ἓέωῗιὸεοιοη 12 part «ιο 59.

166611.

 

352

Levites ¹) 66116 1666, 6’661661 666 16 santificatum
du 86136661· 661 1661 116111636. Mais 966 61 1161166,
61 16 1661116 66 16 113666 66 11666666 661 61166 1661
1161111136 66116 16 1616616 1616 011661, 666 Moyse
661111661 66 86136661 1661· 6 666666. 8. Et 666
hommes-lt 66 16161661, 61 6’66 61161661, 61 16666
6616166666 6 ceux-oi 661 6’66 61161661, 66 deserite
16 16116, 616661, 61166, 61 6116161666 661 16 16116, 61
16 666611166, 61 6616 66166 1611661666 1666-66 6 moy,
61 16 1666 ietteray 161 16 6611 (161661 16 86136661
66 8116. 9. Ces 116166166 6666 6’66 ‚allel-ent, 61
ἶίῗέῗέἰὲ. ⁹12¹. {tum &pthmffi'ffissssssmss'l
rent 6 16666 66 66166 66 8116. 10. 01 16666 1661
16116 16 6611 66 8116 661661 16 86· ur: 61 16
16666 611166 16 16116 661 661666 6’161661, 6616616616
parte. 11. Or 16 6611 66 16 113666 666 661666 66
Β66161616 monta 2) 66166 16616 1111611166, 61 16 1161116
66 1661· 6611 66611661,’) 66116 166 661666 66 1666 61
166 661666 66 1666611. 12. Et 1661 1116116 fut 6
66616 66 86616611166 66 16166161 61 16 1116116 monta
6 66616 66 16116116 66 661616 86616611166, 61 monte
66 16 1666111366 1616 16 mer: 61 666 166666 6661
1616 16 666611 66 Β6111-6166. 13. Et 66 16 66 1116116
ξ’ἕῗοῖὲἕῗῖέιέοιῖῗειῗ «1ξὲἔὲ ‘2:2232302393223
666166 66 16 1116616366 661 661 66 uidi 66 Both-
horon 16 basso. 14. Ε1 66 1116116 16616616 61 66-
1116666 6 66616 66 16 1661 161-6 midi, 666616 16
&smmum ,11. m». 6111113116
661 01116111-1661116) 11116 666 661666 66 Iuda: &ost
16 16 66616 66 16 1661. 15. Mais 16 66616 1616 uidi.
(166616 16 bont 66 01116111-16611161 61 ainai 66 limito
6611 6 16 1661, 11 6611, 61-16, 6 16 fontaine 666 euax
66 Ν 6611161111. 16. Et 16 1116116 6666666 66 bont 66
16 616616366 661 661 116 6 116 66 16 161166 66 Ben-
hinnon, 61 661 661 66 16 161166 66 1166116116, 161-6
866166111661 61 6666666 6 16 161166 66 Η16666, 6
66616 66 161166166 1616 16 Μ161, 61 66 16 11 descend
6 lma-Roga. 17. Et circuit 66 66616 66 86616611166,
61 6611 6 Ε6·661666, 61 1666611 66 (36111616, 661 661
6 l’oppoeite 666166 66 16 1666166 6Ἀ6616116, et
6666666 6 Eheu-Bolus fils 66 Buben. 18. De lt
il pasee‘) 6 66616, 661 661 116 6 116 66 16 616166
1616 86616611166, 61 6666666 66 Araba. 19. Et 66
16 66 1116116 66666 6 66616 66 Β6111-6316 1616 866-
16611166, 61 166 166666 66 66 1116116 sont iusqu’au
1161116 66 16 1661 66166 1616 86616611166, au 11661
66 1616616, 1616 Midi: 6’661 16 1116116 66 uidi.
20. Et 16 1616616 16 161-16166 66 66616 6Ὀι·1661.
Ο’661 1’1161·11636 666 661666 66 Beniamin 661 666

 

2) 16 {migma 666 L. n’est point O.
ᾗ liga Ο.. sum.
) 11616166 Ο. 46. 54.

 

