287

(1001001001 (10 1Ἐ101001 100 Dion, 001 1’0 1110 11010
(10 pays d'Egypto, (10 10 maison (100 00110. 11. Afin
000 1001 101001 oye, 01 0101000, 01 00’11 00 1000
0100 00100 00010 1000110101) 00 0111100 (10 toy. 12. Quand
10 01100 000 (10 l’uno (10 100 111100 000 1Έ101001
100 Dion 10 (10000 0001 y habitor, 00 (1110, 13. Au·
’0000 hommes 0011010 0001 001110 (10 1011100 (10 toy,
10000010 001 000011 100 habitans ⁸) (10 1001 11110, di·
0000, Α11000, 01 0011000 anx 001100 (110οι 000 1000
no oognoisuoz point: 14. Loro 10 001-0110100, 01
1’00000010100, 01 domandam uongnonoomont: 01 01
10 101110 001, 01 000 10 01011 0011 0011010, 00’000
10110 abomination 00 0011 10110 00 1011100 (10 toy:
15. Τιι (1000006100 100 1100110οε ⁸) (10 00010 villo-ln
00 1100011001 (10 1’00000, 10 10 (1001101100, 01 1001
00 001 y fgt, Ezt 10 1100111011 d'igollo Ῥωπὲἑιοῧωῗ 1022
00 0. . 000010 0100 ιι mi 1

d’ioffle 100100 000 (10000011100, 01 010010100 00 100
001101001001 00010 villo-la, 01 10010 00 (1000001110 0
1Ἐ101001 ton Dion: 01 0010 00 10000000 001001001,
0000 00’0110 00 1·οᾶ160 0100. 17. Et rien (10 l’oxe·
oration 00 (1010001010 00 tn 10010, 060 0001Ἐ101001
00 (100100100 do l’ordour do 00 001010, 01 10 1000
misericorde, 01 011 100101 (10 toy, ot 10 0101110110
0010100 11 0 1010 0 100 Poros. 18. ’110 01100 10 voix
(10 1Ἐ101001 100 Dion, pour garder 1000 000 0010-
100οἀοω000, 000 10 10 commando auionrd'huy, 0110
00 10 1000 00 001 001 droit (101001 100 youx (10
Ἐ101001 100 Dion.

Chapitro XIV.

1. Voun 00100 001000 (10 1Ἐ101001, 100110 Dion.
No 1000 101100 001100 100101οο0, 01 00 101100 001100
1000100 001 100 youx pour 10 10011. 2. 10 00
50 &ple (1001οιοζ οω1Ἐ11ἰ1001 1001613100, 22 letornloss
0 00 00 00 00 0 01 0 001
1000 (10 10 10110 0001 1ογ “apuu gouplo 00001101.
3. Το 00 mongon· (10 10010 abomination. 4. 00
nont-oi loa, 000100 000 1000 0100301001 00001011 10
0001, 10 010010, 10 0110110. 5. Iao 0011, 10 daim, 10
baffio, 10 00011000, 10 1100100, 10 0001 0001000, 10
0110111000 001(1, 6. Et 10010 00010 10000110 0 l'onglo
(111100, 01 l'onglo 100ᾶο 00 (1001, 01 00001 rumino:
d’ontro 100 000100, 1000 10 1110030100. 7. Maia 10101
(10 0001 1000 00 1110030100 0001 00001011 (10 001100 ⁴)
01 ruminent, 00 (10 001100 001 001 10010 000100
“ seulement: 00001011 10 00010000, 10 110110,
01 10 000011. 001 00011001 00’110 ruminent 01 0’001
“ 1 1001 00010 (111100, 110 1000 001001 souillers.
mussi 10 00010000, 00011001 00’11 0 l’onglo 10000,

 

ιὶο0101100010100000. 0000110000110010 011000

46’ω’ξλο1100000. nmmo
0

Ξ ant (10 wlffino-eumque do 001100 .

DEU'I'ERONOME.

 

288

01 00 rumino 000, 1000 0010 0001110. Vons 00
100ος0100 00101 (10 1001 011011, 01 00 1000110100 00101
0 10010 011010ος000. 9. Voioi 00 000 1000 100ος0100
(10 1001 00 001 001 (1000 l’eau: 00001011 1001 00 001
0 003001100 01 000011100. 10. Mais 1000 00 mon·
goren point (10 1001 00 001 0’0 00101 (10 0000011·οι
00 (1’000011100, 0100 0010 1000 0010 0001110. 11. von·
100ος0100 1001 010000 0011 12. ·Voioi ooux (100-
00010 1000 00 100ος0100 point: L’ni 10, l’orfroy, 10
100000, 13. Lo 10100101 (1’001001,“) ’001000 01 10
0111100 00100 000 0000001 14. Et tout 0010000 nolon
000 0000001 15. [ι’0001100110, 10 1101010, 10 0000, ot
l’osporvior 00100 000 000000. 16. Ε1 10 01100110, 10
111000, 10 cigno, 17. Lo 0011001001, 10 00111000, 10
01000000, 18. Lu cigogno, 01 10 heron 00100 0011
0000001 01 10 110000, 01 10 0110010 000110. 19. Et
tout 010000 10100001 1000 0010 0001116, 01 01 0’011
mongon-on point. 20. Mais 1000 010ομ100 1001
010000 001. 21. Vous 00 010οςοΜ 00110 011011
100110 (10 noy: 10010 10 (10000100 0 l’ootrongor 001
001 dodone 100 001100, 11 00 10000010, 00 10 10
10οᾶ100 0 00 101010. 001 10 00 00 000010 001001
01Ἐ101001 100 Dion. ‘l'u 00 001100 0010110 0110110011
00 1011 (10 00 10010. 22. 'ru (10000100 10 diemo (10
1001 10 101000 (10 10 00100000, 001 0011110 (10 100
0110100 0110000 00. 23. Το 100ος0100 (101001 1Ἐ101·
001 100 Dion, 00 1100 100001 11 0010 0100 0001 y
colloquor 000 0010, 100 (1101000 (10 100 grain, (10 100
110, (10 100 110110, 100 premiere nez (10 100 1001100,
01 (10 100 01001οε :fin 000 10 0001000 0 0101οᾶ10
1Ἐ101001 100 Ῑ)100 0 inmanis. 24. Mais 000οᾶ 10
01100110 10 0010 01 0(1 000 10 00 100 0001100
001101, 000ωο 000 fen 1100 000 1Ἐ101001 100 Dion
0010 olon 0001 mettre 000 nom, 0010 1100 1010
(10 toy, 000οᾶ {Eumol ton Diou 1’οιι10 bonit:
25. Loro 10 10 1110111003) 00 001, 01 00110100 1’01-
gont 00 10 10010, 01 1100 00 1100 000 1Ἐ101001 100
Dion 0010 0100, 26. Et (10000100 l'argont 0001
1001 00 000 100 00001 (100110, 0011 0001, 00 010010,
0011 110, 00 00110100, 00 10010 00110 011000, 0110
32⁰1vss¹2²0222¹i⁹t2⁶81>32‚¹⁶..¹30.2⁸¹*³.m⁰⁹⁸229322‘1310‘33?

27. Ῥη 00 (1010οἀ100 00101 00 Levita 001 001 (10ᾶο00

100 portes: (1’001001 00’11 0’0 00101 (10 portion 01
d'horittgo 0100 toy. 28. Αο 0001 (10 trois 000 10
1011101110 100100 100 (1101000 (10 100 101000 (1’100110
00000, 01 100 0011-0100 dedans 100 001100. 29. Lon
10 hovito (100001 0’0 00101 (10 portion 01 horit-go
0100 toy) 11011ιί10, 00001 vatnam, 1’010110110, 01
1010110, 00100111 (10(1000 100 00110οε 01 mn . t,
01013311(ξο 1001 1001111110ίέ ε(111111,1οΕιξιῗ1ιιιιο 1011οΒ 10 {aar}

 

¹) d’mtonr 'mete' en 591
0000101003. 46. 54.

