532

mon seigneur 68686 661861 866 servitem, 61 16 me
nonduin-ay 8 1666 nine: 66166 16 11816 66 683836
661 681 (161861 moy, 61 86166 16 11816 666 enfans,
iuequ’a 66 gne ie 68111666 8 mon seigneur 66 8611.
15. 11618 Esou (111, 16 te 8666116 6661611166 81168161
8188 toy 66 666616 661 661 8166 moy. Ε111166666-

611, Pom-quoy oele? Qne ie trouve grece 661618·

mon seigneur. 16. Α1661 6’66 16166168 Esau 66
1661-18 681 68 voye en Seir. 17. Et 18666 8’66

8118 611 8666111, 61 688111 668 6181866 6661 noy, 61·

61 666 6868668 om· 666 1166668611 66611861
866618 16 6661 66 166 8666111. 18. Et. 18666 681·
16161 8861· 66 18 6116 66 Sionem, 661 661611 86 pays
de 01186886, 86168 66’11 fut 1666 66 Pudnu-Aram,
61 86 6668 661861 18 6116. 19. Et 8611618 666 661·
1166 66 61181116 (866661 11 81611 16666 866 18661-
68616) 66 18 16816 (166 661866 6Ἠ61661, 6616 66
Sionem, 6661 6661618. 20. Ε1 61168 18 66 86161,
66’11 866618, Le 66188861 Dien 6Ἰ61861.

06861116 XXXIV.

1. Et Dine 18 6116 666 Len 81611 6618616 8
18666, 16811 6661 1611 168 61166 66 68167 2. Lore
Siohem 618 6Ἠ61661 Η61166, 611666 66 pays 18
1611, 61 18 18111 61 6611611 8166 6116, 61 1’116611118.
3. Ε186611668866 6661836 8 Dine fille 66 18666, 61
811118 18 6116, 61 68118 6616181616661 8 6116. 4. Ρ8-
16111616661 81611616 68118 8 Η61661 eon 6616, (116861,
Ρ166 6661 moy 66616 6116 8 femme. 5. 01 18666
6111611611 qn’il 81611 11616 1)168 88 6116, 61 668 618
68161661 8166 866 11666686 86 61181116. 81661 18666
86 1661 1686668 8 66 qn'ile fussent 1616668. 6. Δ·
6666 Η611161 6616 66 Siehem 16161 8 18666 6661
681161 81866666 luy. 7. Ε1 66866 166 661868 66
18666 6616111 6616666 1’86”8116, 118 1616161661 668
6118111661 61 forent 6661116168 61 fort martie 8 68666
(16 18 18866616 66’11 81611 6661111166 66 161861, 66
666611861 8166 18 6116 66 186663 66 661 66 66 (16-
1611 faire. 8. 01 Η611161 68118 8 eux, 618861,
sichem mon file 8 66116 866 66661· 66 166116 6116,
donnes-luy, 16 1668 116, 8 femme. 9. 0661186168
ffiffz 3022222521512'20132332 {5333353‘1322223
8611 8 166116 6616168666166611 domem-ez, trafflquezq ¹)
61 16616868 d'ioelle. 11. 81611661 86661 (111 86 6616
(1’6116 et 8 866 fret-ee, 666 16 116616 661861
1668, 61 66 666 1666 166 (11168 16 6 donum-ay.
12. Angmentez grendement eur moy 16 (1668116 61
16 666, 61 16 681116186 61 66111166 1668 616 61168,
seulement donnes-moy 18 6116 8 femme. 13. Adone
166 enfans de 18666 1666666866 8 81611661 61 8 He-
1661 6611 6616 681 (161 (66611861 qu’ilz 81611 66866·
6616 Β168 1661 8661). 14. Lem· 611661, Neue ne

 

Ο ω’)ὦπῶφοι “riom-024& praequm yotiouym
- 2

 

GENESE. 54*

6661666 faire 66816 ebone-oi, (16 donner nostre eene·
8 66 homme ineiroonoi: 681 66 6668 681 86661168-
1166. 15. ’1366168 fois 66 66 6666 1668 166611668 66111-
618116, 81 1668 661168 nomme 66116, 66 611666616861
1668 168 11186168 6’66116 1666. 16. Lora 6668 1668
6811161668 668 61166, 61 61 616661666 168 61166 6661
6668, 61 6861161668 8166 1668, 61 661666 66 666616.
17. Mais 61 1666 n’obtemperez 8 6666 6661 68116
2322‘332 {²3³110g’ssasszssfufassxzzfflzs cfiffl
61 8 Siohem 618 (1Ἠ66161. 19. 011616666 6661-
683666 66 differe 686 8 66 faire, 681 11 81611 866
6181611 8 18 6116 66 Iaoob: 61 11 661611 16 6166 116-
6618616 66 16616 18 maison 66 866 6616. 20. Adone
16161 Η61661· 61 81611616 666 616 8 18 661-16 66 1661·
11116, 61 681161661 aux hommes 661661 11116, 618868,
21. 068 gene 6661 6111816168 8166 6666, 61 1661661
11861161 86 6816 61 1111166661 66 ioelny (et voioi,
18 16116 661 661 ample d’eetendne 661861 eux) 6666
616661668 8 femmee 16618 61168 6661 noue. eaesi
6666 1661 6811161668 666 61166. 22. Touteefoie 668
hommes 666666111661 6’11861161 8166 6666 6661 66116
66 666616, 1116166861 666 1661 168616 6’66116 6668
8611 61166661, oomme ioeux 6661 611666618. 23. Lem·
{2⁰33}ss 3122& ''ffiff'fflr‘assssss‘ ιῗέἶ ἓέιῖῗὲἓὲἲ
6661, 61 118 666166161661 8166 6666. 24. Et 1668
oenx 661 6611616611 681 18 66116 (16 18 11118, 66611661
8 Η61661, 61 8 866 616 Siohem: 61 1661 maele fut
61166661 6’6611·6 1666 oeux qui 6611-61661 681 18 66116
66 88 11116. 25. Et 8616161 86 1161616616 1661, 66866
118 66161661 66 6661661, 666 deux 616 (16 18666, 81-
meon 61 Levi 116168 66 Β168, 616161661 6118666 866
ς18116, 61 16161661 hel-(liment 66 18 11116, 61 6661-
1661 1661 1118816. 26. Α6881 1661661- 86 1166611861 (16
1’66666 Η611161 61 81611616 866 618, 61 16616161661
Dine 66 l’hoetel 66 81611616 61 861111661. 27. Ρ618
166 661868 66 18666 16161661 861 166 666666618, 61
6111616111 18 11116, 666166 66’116 8161661 11616 1661
8661. 28. Et 6161111661 16616 616618, 16616 66616,
16618 86666, 61 -66 661 661611 66 18 11116, 61 eux
61181666, 61 16616 1661 6666186661 1666 16616 66116 61
16616 femmee, ile 188 1116661661 6861118, 61 166 61116-
1661 8166 1661 66 661 681611 68 16818666. 29. Adone
18666 611 8 Simeon 61 Levi, Voue m’avez trouble
66 me faisant 6611 661616 168 1186118118 66 18 16116,
1861 0686866668 666 Ρ1161681666. Et ie 6618 66
66111 nombre, 61 8’88861116161661 8 1’66666116 66 moy
61 me 118661661, 61 66181 destruit moy 61 168 1681-
866. 30. Et 118 166666611661, Fere-il (16 668116 8661
66111166 6’666 6811181ᾶοῖ

011861116 XXXV.

- 1. Or Dieu 611 8 18666, Leve-toy, ‘monte 66
Beth-el, 61 domeure 18, 61 fay 11166 66 86161 8 Dien
qui t’epparnt quand 16 fuyoie de 661861 18 616-

4*

