 

 

169
611 16 6666, 61 611 1661 66 661 661 fait d'ouvrage de
pelleterie, 6’661 16616 6613116616 61 6166 playe.

52. Il 111661616 6666 16 1661616661, 1’616166616, ou 16
1166616 66 16166, 66 66 116, 61 166166 choses de pean,
666661166 y 6616 616161 661 e’eet lepre 6613666161
dont 6616 1116616 66 feu. 53. Ε1 61 16 866116661661
1611 666 16 playa n‘eet point 6661666 66 1661661661,
611 66 1ὀ16166616, 66 611 16 1166616, 66 66 16616
611666 66 6611616116, 54. 116611 866116661661 eom-
61666616 66 laver 66 66 quoy 661 16 61616, 6116
fera enfermer 661 6661 661166 16616. 55. Que 61 16
866116661661· 66166 666 11 playe 661 levae, voit que
166116 61616 11’6 66161 6116636 66 menen-e, 61 6’661
66161 6661666, 6’661 611666 66611166, 6661 16 16 11166-
16166 66 feu: 661 6’661 6616666616 66 66 61616 1611-
666 66 66166. 56. Ε1 61 16 866116661661 1611 16
61616 66116 66666661661 obscure depuis 1’6161116166,
11 16 66661111616 66 1661661661, 66 66 16 pean, ou de
1’616166616, 66 66 16 1166616. 57. Que 61 6116 66-

16161 666616 66 1661616661, 66 6 1’616ἰ66616, 66 6

1166616, 66 66 16616 611666 66 6666, 6116 661 6661161
6661 1666 1116616166 66 feu 16 611666 66 66116 61616.
58. si 16 66 lave 16 1661616661, 66 1’616166616, 66
16 1166616, 66 16616 611666 (16 6666, 61 16 61696 6’66
(166611, 11 6616 1616 6616611611 6661 6616 661. 59. 12661
16 loy de 16 61616 66 16616 66 1661616661 66 16166
66 66 lin, 66 6ὀ16166616, ou 1166616, 66 toute
611666 66 6666, 6661 16 inger nette, 66 16 666-
damner 6661 66611166.

0116611116 XIV.

1. L’Eternel 66116 6 Moyse, 616661, 2. S’en-
‘3³⁵‘ ⁸¹² ..Ῑὲἷῖ 3¹02:“23053¹¹;„¹⁰s{2;¹12022023 -1'0522353
Buzzifigateur sortire 11616 66 Post, 61 16 ’verr-a. Si
16 61616 66 16 16616 661 3661116 66 16616, 4. Le
866116661661 commandere qu’il 61666 6661 16 pur·
361166 6663 6666616663 viss 61 6616, 66 11616 66
66616, 61 66 fil 16161 66 3161663) 61 66 l’hyeeope.
5. Et 16 866116661661 commandere 66 1661 66 666·
661666- 666666 66 16166666 66 terre, 6166 666 1116.
ῗᾱ {1⁰:2³„¹1¹2zd‘3123013220fffiss312 2¹⁰0t¹²¹322⁸0 2⁰05&
6166 16 666661666 vif 66 6663 66 Ι’6611·6 666661666
166, 66 Ρ666 1116. 7. Et 66 fere 666616166 661·
’ῗρῖξοὴ ἰΐᾱέἒωξ.(121ζὲῗίἳῖῖέὲθῗὲἵ13111331ῑῇ
661611 lpe} eham’pe. 8. Et eeluy qui 66 gun-ge, 161616
666 1661616666, 61 166616 1661 666 6611, 61 66161616
6’666, 666 66’11 6611 6611 66166 11 enm-era 66 1’661,
61 1161111616 6611616 666 tubex-neele 661· 6661 16616.
9. Ε1. 66666 66 1166616 66 6661161116 ient, 11 rasere
1666 166 61161663 66 66 16616, 66 barbe, 666 66616116
66 666 1663, 61 1661 666 66111 6616 161616 666

¹) adempte-mdehgnine.

 

LEVI'PIQUE.

 

170

1661616666 61 66 6116111 61661 6616 6611616. 10. Et
66 1161116166 iour 11 6166616 6663 6366663 6666 me-
oule, 61 666 11161116 6’66 66 6666 6166616, 61 11616
6131611166 66 fine farine 6661116 ὲ. 1’116116, 6661 61116-
1166, 61 66 661 6’116116. 11. Εῐ. 16 866116661661
661 fait 16 661361166, fera 66616161 l'homme qu’ou
doit purger, 61 666 6116666 661661 1Ἐ161661 fi 16
66116 66 tabet-neele 66 6661666666. 12. 1161616
866116661661· 6166616 66 636666, 61 l'offrira pour
16 661161 6166 66 661 6’116116, 61 66161616 666 6116666
661661 1Ἐ161661. 13. Et. 16616 1’6311666 66 1166
666661 66 166 1ὀ11161166 6661· 16 666116, 61 l'holo·
666616 66 66661661161 661 eomme l'oblation pour 16
666116 6666111661 66 866116661661, 61661 seit 66116
6661 16 6611611 661· 6’661 611666 11666616616. 14. Et
le 866116661661 6166616 66 6663 66 1’61)Ι61166 6661
16 661161, 61 16 mettre 66116 mol 661’661·61116 dextre
66 eeluy qui 6611 66116 661361 61 661 16 66666
66 66 mein dextre, 61 661· 16 66666 66 6611
6166 663116. 15. Si prendre 16 866116661661·
1’116116 66 661, 61 16 versere 661 16 6661116 66 66
66666116. 16. Ρ616 16 866116661661· 6166111616 666
66131 663116 611 1’116116 661 661 661 66 666166 66·
666116, 61 66666616 66 1116116 6166 666 66131 661
6661 fois 66 16 61666666 66 1Ἐ161661. 17. Et, 66
166166 66 1’116116 661 661 661· 66 6661116, 16 156611-
6661661· 611 1661116 661· 16 mol 66 1’66161116 663116
66 celuy 661 6611 66116 purge, 61 661· 16 66666 66
66 main dextre, et 661 16 66666 66 666 6166
663116, 6166 16 66113 661 661 6661 1ὀὶ1161166 66
661161. 18. Mais 66 661 1661616 66 1’116116 661
661 661· 16 ptume du 866116661661, 11 16 mettre
eur 16 61161 66 celuy qu'on 6611 661-361, 61 61661 16
866116661661 fera 16666611161166 6661 luy devant
1Ἐ161661. 19. Et 61 fera 16611 866116661661 61116-
1166 6661 16 666116, 61 1ωο66111616 celuy 661 6611
66116 661-36 66 666 6166161 puis 661-66 11 tuere l’ho·
16666616. 20. Et ledit 866116661661 661116 11616666616,
61 66611666 6 1’66161, 61 16 1666661116161 6661 6616
661. 21. Et e’ileet povre, 1611616661 66’11 11’611
666 6616 611 main, il 6166616 66 636666 6661 1’61)16·
1166 66 661161 66 66161611661 666 66 16 reconcilier,
et· 666 61316166 66 666 farine 6661116 6 1’116116 6661
16 66611666, 6166 66 661 6’116116. 22. Item, deux
166116161166, 66 6663 6136666 66 6616111116, 66166
66’11 6661161 6661 1’66 661-6 6661 16 666116,61 l’autre
pour l’holooauste. 23. Et 66 1161116616 1661 66 66
6611666ῐί66 166 666611616 66 sacrificatam, 616 66116
66 tabernaclo de 6661666666, 66 16 61666666 66
1Ἐ161661. 24. Adone 16 866116661661· 1666116 1’636-
666 66 l’oblation pour 16 661161, et 16 661 6’116116,
61 166 66161616 66 16 presence de l’Eternel. 25. Et.
16616 1’636666 66 l'oblation pour le 661161. Ρ61616
866116661661 6166616 66 6663 66 1’61)161166 6661

, 16 661161, 61 16 mettre 66116 1661 661’66161116 dextre

de celuy 661 6611 66116 661166, et 661 16 66666 66

