167

08 011811, 11 103018 18 111890 00110 00110, 110011801
00’0110 001 10010 1001000 00 0180000011 0111 0018
001. 14. Mais 80 1001 auquel on 8018 ven en
icelle la 00811 vive, il 0018 0001110. 15. 11010 10
Sacrificateur verra. la chair vive, et le iugera 00011101
081 18 00811 vive 001 00011100. 0’001 0000 101110.
16. On 01 18 011811 vive 001 101001000 01 convertie
en blancham, il viendra 80 880116081001, 17. 01
10 Sacrificateur 10 verra. Quo 01 18 111890 001 000-
vertie en 0180000111, 10 880110081001 103018 18 111890
00110 001101 081 11 001 001. 18. 81 18 011811 8 00
08 11080 000 8110010010, 01 0011 30811101 19. Et
qu’an 1100 00 1’811οο101110 11 9 811 0011010 0180000,
00 18000 0180000 01 100000110, 11 0018 veu par le
Sacrificatenr. 20. 110 Sacrificatenr donc 10 verra:
000 01 1’81111810000 d’icelle 001 11100 80810000 000 18
11080, 01 000 000 11011 0011 000νο111 00 0180011001,
10 880116081001 10 103018 00011101 081 18 1118 0 00
101110 001 fleur-ie en l'apoatume. 21. Et 01 10 8011-
ficateur voit qu’en 100110 10 11011 ne soit point blane,
01 00 0011 110101 11100 080 000 18 11080, 8100 00’0110
0011 80000010001 0000010, 10 880116081001 10 fera
enolorre par 00111 10010. 22. Que 01 0110 001 80·
01000 00 18 11080, 10 Sacrificatenr 10 103018 00011101
car 0’001 111890. 23. Maia 01 18 18000 0180000 0’001
10000 00 000 1100, 00 010100801 110101, 0’001 ardent
0’8110010010, 0001 10 Sacrificateur 10 103018 001.
24. 00 01 18 011811 8 011 08 11080 01001010 00 100,
01 000 18 3181000 00 18 01001010 811 18000 blanche,
100000110 011 118110, 25. 110 880110081001 18 verra:
01 01 10 11011 001 converti en blancham· dodana 18
18000, 01 1’81111810000 0’100110 001 plue enfoncee 000
18 11080, 0’001 101110 1100110 011 18 01001010. 110 Sacri-
ficateur 0000 10 103018 00110 00011101 081 0’001111890
00 101110. 26. Maia 01 10 880110081001 18 voit eane
qn’elle 811 11011 01800 00 18 180110, 01 0’001 1101111
11100 80810000 000 18 11080, 8100 001 80000010001
0000010, 10 Sacrificatenr 10 1018 00010110 1181 00111
10010. 27. Ρο10 10 sacrificatam· 10 verra 80 00111-
10010 10011 01 01 0110 001 80010οὂ 00 la 110811, 10
Sacrificatenr 10 1113018 00011101 081 0’001 111890 (10
101110. 28. Que 01 18 180110 1118110110 0’8110010 00
0011 1100 0800 01010110 00 18 11080, 01 0011 800000·
ment obscure, 0’001 enfleure de 01001010, (10111 10
880116081001 10 103018 0011 081 0’001 810001 00
01001010. 29. Item, 01 1’1101111110 00 18 femme 8
111890 00 000 01101 00 00 08 08100, 30. 110 88011-
11081001 verra 18 111890, 01 01 1’81111810000 0’100110
001 11100 00100000 000 18 11080, ayant 00 001 11011
18000 00110, 10 880116081001 10 00008100018 00011101
081· 0’001 18 11300 01 18 101110 00 0001 011 00 18
1181110. 31. Et 01 10 880116081001· voit 18 111890 00
18 11300, 01 1’81111810000 0’100110 0’001 110101 plne en·
foncee 000 la pean, 01 0’9 811 00 009 001 11011 0011,
10 880116081001 00010118 1181 00111 10010 celuy qui a
,8 111890 00 18 11300. 32. Ρο10 80 0011110100 1001 10

LEVITIQUE.

 

168

880116081001 verra 18 1118901 01 01 18 11300 0’001
110101 8001000, 01 00’0110 0’811 00 009 001 11011
18000, 01 1’81111810000 de 18 11300 00 0011 110101 11100
00100000 000 18 11080, 33. 11 0018 18101 maia 11 00
181118 110101 le 1100 00 la tignoeessz 8100 le Saefifictatenr
0000118 0011 80 100 10010 uy qut a 8 1300.
34. Α11100 10 880116081001 verra. 18 11300 80 00111-
10010 1001, 01 01 18 11300 0’001 110101 8001000 00 18
11080, 01 000 811118100οο 0’001 110101 11100 00100000
(100 18 11080, 10 880116081001 10 103018 00110 001, 01
1811018 000 0801110010001 11 0018 0000 001. 35. Maia
01 18 11300 10010101 0018 11080, 811100 00’11 1’8 011
{xssfigxss‘a„³5303330833‘32022052f, ἒξ ἕξέἑᾟωὲἒὲ „⁸3
00100018 110101 (10 11011 ianne: car il 001 0001110.
37. Maia 01 18 11300 0’001 81100100 0011010 000 103810,
01 000 10 11011 11011 0011 0100 00 100110, 18 11300 001
3081110, 081 11 001 0011 ’0001 10 Sacrificateur 10
agaza 1110811 (1308010111ΞΠο111111 l 111111010111100118011001 οὶῗίἒῖξοῖξ
39. Le Sacrificateur 10 verra: 01 01 00 18 11080 00
1001 011811 11 9 8 1801100 1118001100 80000010001
obscures 001 10 01800, 0’001 tache blanche fleuria·
08010 00 18 110801 11 001 0000 001, 40. Item, 01
1’11001010 8 10 01101 11010, 0001 11 0011 chauve, il 001
0011 41. Et 01 08 10010 001 deechevelee de 08 per·
mque, 0001 11 0011 chauve, il 001 001. 42. Maia 01
00 18 1181110 chauve devant 00 00111010 9 8 111890
blanche 01 1000080110, 0’001 101110 110011008010 00 08
1181110 0118ον0 0ον801 00 00111010. 43. Et 10 88011·
11081001 10 verra. Et 01 1’00110010 00 18 111890 001
blanche, 01 1000080110 00 08 1181110 chauve devant
ou derriere, comme 81111810000 00 18 101110 001801
00 18 11080 00 18 00811, 44. L'bomme 001 18010 01
00011101 0001 10 880116081001 10 condemnere 00011101
081 08 111890 001 00 000 01101. 45. 01 10 18010 (80·
0001 0018 18 111890) 8018 000 νο010111000 0000οἰ100,
01 08 10010 000, 011) 0018 convert d’une 0810010, 01
0’8111101018 0810 01 010. 46. ’13000 100 10010 001800
10000010 00010 111890 0018 00 109, 11 0018 0810 01 010,
habitant seul: l’habitation duquol 0018 0010 1ὀ01.
47. Item, 01 10 1001010001 8 00 009 111890 00 101110,
0011 νο01010001 00 18100, 00 1001010001 (10 110, 48. On
00 010100010, 00 00 11000 00 110 ou 00181001 00
80001 00 11080, 00 00 1001 ouvrage de 1101Ιο10110.
49. 8’11 9 8 0000 111890 verde 00 1003080110 80
νο010111001, 00 00 18 11080, 00 00 1’010100010, 00 00
18 1100010, 00 00 100100 choses 00 11080, 00 0018
111890 00 101110, 01 0018 11000 00 880110081001. 50. Et
le Sacrificateur verra la 111890, 01 1018 00010110 00111
10010 ce qui a la playe. 51. Et 80 0011110010 1001
il verra la 111890. 81 18 0110 111890 001 8001000 80
1001001001, 00 00 1’010100010, 00 00 18 1100010, 00

 

ι) 591 01 cutm-ir· 08 levre 00 000000, 01 01101-8, 10 auis
0001110, 10 suin 0001110.

