459

peuple de 66 6661616, 61 16 11666666 (16 66 616161 5)
61 1666 oyez sniourd’ huy 66 1611. 8. N’ 66661616666
66161 166116 66661 nomme en Mei-iba, 66166 16 1661
(16 Massa 66 (166611, 9. Quanti 166 66166 16ὀ61
16616,116 m'ont 66616616,16 6611 36 ’116 6666661 166
mon oeuvre. 10. Γ sy estrive⁶) 661 36616616 666
6166 66616 3666161166, 61 ay dit, 116 6661 66 666616
6116617) (16 66661, 61 16661 n’ont 666 66366 mes
voyee. 11. Parqnoy 1’6)1 1616 66 mon 116, 8’116 66-
11661 66 mon repos.

Psesnme XCVI.

1. Chantez 66 86136661 6661666 cautique, 366
16616 16 16116 6116616 66 86136661. 2. 01166166 66
86136661, 1166166661) 666 Ν6611 66666666 (16 1661
66 1661 666 66161. 3. Rsoontez 66 gleire entre les
11611666, 61 666 16611611166 66116 1666 166 6666166.
4. Ρ66166 366 16 86136661 661 3166(1 61 fort 16661116,
61 161111116 661 (166666 1666 166 (11661. 5. Car tous
166 (11661 (166 Gentils sont 1661161 ¹) mais 16 861-
36661 6 fait les oienx. 6. Vei-tw) 61 magnificentie
vent devant luy, force et 61661166664) sont en son
8666166116. 7. Vous congregatione des 6666166 616-
6661665) 66 86136661, 6111666166 66 86136661 166361-
11666660) 61 forne. 8. Prosentez 66 86136661 16
magnificencie (16 666 Nom, eslevez l’oblation 61 66-
trez 66 666 661116. 9. A'dorez devant 16 86136661
66 16 166361666666 (16 8666166116, 366 16616 16 16116
1161111116 (161661 66 1666. 10. Dites 66116 166 (1661116,
116 86136661 regne, 61 661166 16 monde 6616 66161111,“’)
11 66 6616 66161 6611166161 11 163616 166 6666166 66
(116116166. ⁸) 11. 966 166 61661 6’66166166661,61 366
16 16116 6’,6636]6 366 16 1661 61 66 361 661 66 166116
166116. 12. 966 16 6116166 66 1661661666 ,⁰) 61 1661
53..23¹.1?:z.33.2⁰5323.213‚¹222 Ἥ 1ῗὲναῖῗῖΞῖ ιξέἒ
36661, 661 1111661, 661 11 vient 6661 16361· 16 16116.
11 163616 16 monde 66 1661166, 61 166 6666166 66

66 161116.
Ρ6666166 XCVII.
1. Le 86136661 16366, 366 16 16116 66 1661661666,
366 166 grandes Isles¹) demenent ioye. 2. Nnee 61

 

⁸) (16 ss conduite 46.61“(1”υ. qu’il 66661111 Ο.
⁸)i’ys 66166666160.46. 1’11111611616546.
7) sans ingement 54. 6.

:3 ιοῗιιωσὶιὶψιὶἒοω’(16, 1116166 (54. suiv.—) 1166368 Ο.
³3 1666636 Ο.46.1116111611546..6
3} 231¹} 03 ..3333ae 1., 1·

pu “wast 0. 6616 stabla 54. ⁸.

311111υῶ1166 Ο. (1’6636 ys 46.³1u'v.
monent lieoee O. 46. s ’66611661 (16 ioye 54. suiv
)66 la presence (16*.

46 mmm mag-Ze: 66, 366 1166116666 (1’16166. -— plusieurs Ο.

PSEAUMES.

 

460

6116661116 6666666 sont 6 1’661661 (16 luy, 1661166 61
1636111661 sont 16 11669) (16 666 throne. 3. Le feu
61166116616 (161661 66 1666, 61 bruslor-a 666 66666116
t l’environ. 4. 866 66616116 661 16161 661 16 monde,
16 16116 16 16116 61 11661111616. 5. Les 1666163666
661 (16666616 nomme 6116 (161661 16 16663) (16 861-
36661, (161661 16 1666 (16 86136661 (16 tontole 16116.
6. 1166 61661 661 6666666 66 1661166, 61 1666 6666166
661 166 66 316116. 7. 966 1666 6661 361 6611661
661 1166366 661661 6611166,61 qui 66 3161111661 66
16616 161661166614) 366 1666 166 (11661 adorent (16-
1661 16]. 8. 8166 1’6 ouy, 61 6’66 661 16616616, 61
166 filles (16 Iuda se sont esgayees, 6 66666 (16 166
ingemens 86136661.9.Ο61 toy, 86136661, 16 es
11661 6616165) 661 (166666 16616 16 16116, 16 66 1611
616116 661 (166666 tous les dieux. 10. Vous qni
aimez 16 86136661, ayez en 116166 16 1661111 361(16
166 61666 (16 666 (161166661166, 11 166 (161111616 (16 16
main des 1666611666.11. 116 16161616 661 6616664)
66 16616, 61 16 ioye 6 6661 361 6661 (116116 (16 66661.
12. Vous 166166 resiouissez vous 66 86136661, 61
6616111611 16 1666161167) (16 66 661661616.

1366661116 XCVIII.

1. Ρ6666616. 01166166 66 86136661 6661666
Gentique, 661 11 1611 choses 16611611166666,66 dextre
61 16 11166 (16 66 661661616 luy ont 663616 66161. ¹)
2.116 86136661 6 1611 66366161163) 666 66161,11 6
161616 66 iustine 661 yeux (166 96111116. 3.11 6 66
6661666666 (16 66 116616 61 (16 66 161111’) 661616 16
6161666 (16 1666111 166166 166 flns (16 16 16116 ont
166 16 66161 (16 666116 Dieu. 4. 966 16616 16 16116
6’ 663616 66 86136661, 36 ’6116 1666666, 61 66 166-
1661666, 61 6116616 Ρ66666166. 5. 01166166 Ρ666661664)
66 86136661 661 16 116166, 661 16 116166 61 66 1611
(16 66611366. 6. Aveo 1166166166 61 666 (16 61611665)
psalmodiez en 16 61666666 (16 Roy 1’.Ε161661 7. 966
16 1661 1666666, 61 1661 66 361 661 66 166116116
monde et 1666 6661 361 y habitent. 8. 966 166
1166166 11666661 (166 mains, 6666161116 366 166 mon·
163666 6’66166166661. 9. En 16 61666666 (16 86136661,
661 11 11661 6661 16361 16 16116111 16361616 monde
en 1661166, 61 166 6666166 66 (11611616.

 

”1666616110. 46. 1611116654. s.

6666660. 661166166666646. 6.

:sesag-targa 106646166166. Ο. 6.

ἓξὲξ ⁰ ⁹⁸¹².f.¹¹‘¹;¹..⁴.2..2.0..fi.. 0.
616116 46.(1616 1611 sa 66111616 6161116116 54. 6.

:3 1’6 66616 O.
6 manifeste 54.(1.
⁸) 161116*.116611(116666 61 foy O. 46. 11 6 6666111611 sn
1166136116 61 fo 54. e.
:psalm ez 54. 6.
661661 Ο. 46.

..uelame-

