 

07 GENESE. 53

001000 (1’Δ.1101100100 femme (1Ἐο00, 10 (100 1000, 10
(100 100100, 00 10 (100 0010. 18. 00 0000 100 (1000
001010 (111110110οω0 femme (1Ἐο00, fille d’Ana. 19. 00
0000 (1000 100 001000 (1Ἐο00 00 10010 (10001 1001ογ
000 Edem. 20. 9000000000 100 001000 (10 8011 Ηο·
1100, 00010000010 (10 10 001101 00000011 110000, 80001,
200000, Αο0, 21. Dinon, Azor 00 01000. 00 0000
100 (1000 (100 Ηο11000, 0111000 (10 8011, 00 10 00110
d’Edom. 22. 1100 0111000 (10 110000 101000, Hori 00
Reman: 00 Thamna 000010 0001 (10 110000. 23. Item
100 001000 (10 80001 0000, 00000011 Α10010, Manabat,
Ebal, 800110 00 0000. 24. 10010 100 001000 (10 20-
0000 0000, 00000011· Aia 00 Ana. Οο00 Ana 000 00-
1ογ 001 010000 100 1001000 00 (100010, 000οᾶ 11 0010-
0010 100 00000 (10 200000 000 0010. 25. 1100 001000
(1’Δο0 101000, Dison, Α11011001110 11110 (1Ἂο0. 26. 8’00·
0000000 100 001000 (10 Dinon, 00000011 Ηο10οἀ00,
kebam, 10001001 00 00100. 27. 10010 100 001000
d'Ezer 0000, 00000011 Βο1011010, 20000 00 Α100.
28. 10010 100 001000 (10 Β1000 101000, Uz, 00 Δ100.
29. Voioi 100 (1000 (100 11011000, 10 (100 110000, 10
(100 80001, 10 (100 200000, 10 (100 Ana, 30. 110 (100
Dinon, 10 (100 Emer, 0010 (100 01000. 100011 (1000
0000 100 (1000 (100 Ηο11000 00100 10010 (1001100 00 10
00110 (10 8011. 31. Co 0000 100 Rois 001 000 10300
00 ‚la 00110 (1Ἐο010, devant 000 Roy regnant 001·
100 001000 (1Ἰι1001. 32. Βο10 (1000 fila (10 Βο01
10300 00 Edem, 00 10 0001 (10 00 0100 000010 Denaba-
33. 01 Βο10 1000100, 00 10300 0001 luy 10000 file
(10 2010 (10 Βο0010. 34. Et 10000 mourut, 00 10300
0001 luy Ηο0010 (10 10 00110 (10 Theman. 35. Et
Ηο0010 1000100, 00 10300 0001 luy Hadab 1110 (10
Βο(10(1, 001 (1000001ὶο Madian 00 0110100 (10 Moab,
00 10 nom (10 00 0100 100 Avith. 36. Et. Hadad
1000100, 00 10300 0001 luy 800110 (10 Maerens.
37. Et 00100 10 mort (10 801010 10300 0001 luy
8001 (10 110000 (10 1101100000, 38. Et 8001 1000100,
wssm‘ffi 1113111“213ἐ33’ῒὲ“ἳ21.391.1ἑ
luy 110ᾶο1. Et 10 0010 (10 00 0110 000010 Ρ1100, 00
10 0010 (10 00 femme, Mehetalbeet 11110 (1οΣΜο010(1,
001 000010 6110 (10 110-0000. 40. Ainsi, 00010 100
nome (100 (1000 (1Ἐο00 00100 10010 1010111001 10010
lieux, 00100 10010 001001 10 (100 Thamna, 10 (100
Δ100, 10 (100 1001101, 41. 110 (100 10110110οω0, 10 (100
Eia, 10 (100 Ρ111000. 42. 110 (100 00000, 10 (100
Τ11010010, 10 (100 11100001, 43. 110 (100 Μο3ᾶ101, 00
10 (100 Iram. Ioeux 0000 100 (1000 d’Edom 00100
10010 habitatione, 00 10 00110 (10 1001 00110130. Ο’000
nanu 10 0010 (100 1110010000.

00001110 XXXVII.

1. Et 10000 1100100ἰο 00 pays οὺ avoit „ouva-03
oon pero, 00000011 00 10 00110 (10 01100000. 2. Voioi ¹)

 

¹) 000000 nont Ο. 46.

 

100 300010ιί000 (10 10000, 1000011 estant 0030 (10
(1110000 000, 00100010 0000 000 110100 10 0000011, 00
estoit 10000 301000 00010 100 001000 (10 Bau, 00
00010 100 001000 (10 2010110, 10101000 (10 000 00101
00 Ioseph 10000100 1001 10000010 01010 0 1001 0010.
3. 01 101001 0110010 Ioseph 0100 000 0000 000 1110,
0001-1000 qu'il l'avoit 00 en 00 01011100001 00 luy 110
00 00000000 0130110. 4. Et 000 110100 011000 000
1001 0010 1’0110010 0100 000 0000 000 110100, 00 10
11ογ00000, 00 00 000000000 001101 0 luy 00101010·
5. Et 1000011 100300 00 00030, 00 10 (10-
ἓῗῖζῑέο ⁵⁶2} fffff‘ffird‘ff «11ἕὲ ”0522‘332‘3232‘ 11ὶὲ
00 00030 000 i’ay 00030. 7. Voioi, 11000 ammiod
(100 301000 00 1011100 (1110 0110100, 00 1010 100 30100
00 100010, 00 00 000010 1101001 00 00101, 000 301000 0

ment.

·1’00011·00, 001 10100γο10 10 100010000 a 010 30100

8. Adone 000 110100 hy ditent, Regnerae-tu 001
0000, 00 01 00 00100 0013000110 00 000οἳ Α1001 110
10 11001000 000010 0100 0001 000 00030, 00 0001 000
0010100. 9. 1)01001101 ,1 000300 00 00010 00030, 00
10 1000000 0 000 frons, (110000, Voioi, i’ay 00030
000010 00 000301 11 00 001001οἰ0 000 10 00101100
00 10 1000, 00 onze 0001111οε 100 1010000ηο 100010οο0.
10. Εο 000οᾱ 11 10 100111 t 000 0010 00 0 000 110100,
000 0010 10 10010100, e. luy dit, Quel 000 00 00030·
01 000 00 00 000301> 011οἀ1000·οουο moy 00 00 more,
00 000 110100, 0001 mue 00011001 0 terre devant
toy? 11. Et 000 fre-ee 001000 00010 000010 luy:
01010 000 0010 301ᾶοὶ0 10 010000. 12. Et 0001101οο
0’00 01101000 0010010 10 11000000 (10 1001· 0010 00
81000101 00 101001 (1100 1000011, 13. 'Poe 110100 00
00100000-110 000 00 schem? 0100, 00 10 t’envo ·
0100 0 001. Εο 11 luy ros'pondit. Mo 00101. 14. 0

'il 1ογ (110. Va 1001000000, 000110 01 000 110100 00

0010000 0100, 00 01 1( 01000000 01000010, et m’en
10000100 (100 nouvelle. 101001 11 1’0000γο (10 10
001100 (10 Ηο0100, 00 00100 00 81011010. 15. 11010
00 homme 10 010001 00111100 11 000010 011000 001
100 00010001 00 0000 homme luy domanda, disant,
Quo corchon-tu? 16. 11 10000οά10, 10 0010110 mes
110100, 10 00 0110 010013004οᾞ 00 110 00100000.
17. Εο 1’11010100 (110,110 0000 partis d’ioi: 001· 1’0

ouy qu’ils disoyent, 111000 00 1)011100. Et 10000

0’00 0110 00100 000 frares, 00 100 trouva 00 1)001100.
18. Et 110 10 0110οτ (10 1010. Et 00000 00’11 00-
01000000 (10011, 110 οω001101000 000010 luy, 0001 10
mettre 0 mort. 19 Et disoyent l'un 0 1’0001·0.
Voioi 10 10010010 (1οι 000300 001 vient. 20. 111010-
0000οι (1000 00000, 00 10 000110, 00 10 1000000 00
2253'5’223353ffi1325‚ztsssszu‘2'1202220‘5'2'2022:33ae
21. 110000 0010 0011, 00 10 (1011010 (10 10010 010100,
disant, Ne 1100000 00100 en l’ame. 22. [10100001
110000 1001 (110, Ne respendune 00100 10 00031
10010 ictinus-le 00 00 00100 001 000 00 (100010, 00

 

