511

10 0010 0001 00000000 01 10 10 10011 revelon-fl)
18. 0010100 001ογ 001 011, 10101 00 00110 1110001,
'Pes fils 01 100 111100 10003000001 01 1100107001 110
110 00 10 maison 110 1001 11010 01000, 19. Voioi
00 1001 impetueux⁴²) 110 00010 110 1100011, 001 0’001
100 00011043) 10 maison, 01 0 110000 100 000110
001030 0’100110, 01 001 1010110044) 001 100 100000
3000,“) 01 0001 100110, 01 10 0010 0001100οό 0001
0001 10 1’00000001. 20. Adone Iob 00 1010, 01 1100·
0110 00 10110,“) 01 1001111 00 10010, 01 00 10110 00
10110, 01 011010, 21. Et dit, 10 0010 00111 0011 110
100110 110 0ιο 10010, 10 10 retourneray und: 10 801-

001 1’0 110000, 01 10 80130001 1’0 0010, 10 nom
0 80130001 0011 bonit. 22. En 1001 0001 101) 00
0οῧιο 00101, 01 0’011111100 1100 110 110010100000111047)
0 100.

1311001110 11.

1. 11 0111101 00 1001, 000 100 0010001) 110 Dion
00 presentet-onst) devant 10 80130001, 00110 10000010
1101 80100 0001 00 pracontal-⁸) 00 80130001. 2. Et
10 80130001 1111 0 80100, Ι)’00 vienn-tu? Satan
1000001111 00 80130001 1110001, De 0110011 01 10011014)
001 10 10110. 3. Et 10 80130001 1111 0 80100, Αο-10
01100 3011105) 0 1000 servitem· lob? auquel il 0’0
0 001 00101111) 00 10110, ‚homme 001101,”’) 1110113)
ffiffizssssz? ,ἐξ ῗίιέἕὲἰιῗὲῗυ)ᾶ“ῃῗῖὲ»ἐῖιὲ“ᾀοῖἕῐ
00100611) 0110 000 10 10 1100110101000111) 0000 muse?
4. 1111 80100 1000001111 00 80130001, L'homme¹⁸)
11000010 0000 0001 0000, 01 1001 00 00’11 0 001
garda-¹⁴) 00 110. 5. Mais 10010100001 0001ῑὶ 10
001οο1100 10 10010, 01 000 10 l’affligos10) 00 00 0 011,
01 10 10110017) 0’11 00 10 1110011110 00101 00 1000.
6. Et 10 80130001 1111 0 80100, Voioi, il 001 00 10

 

2) moneor.

*δὲ 0’001 100 000110 omis.
⁴⁴ 1100000000.

⁴⁸ 100 001000 54. 0.

⁴⁴ 000 1001010001.

⁴⁷) 101 Ο.

²¹¹ 11111111 assistet.
³ 0010001010110 1101001 54. 0.
2 gfflffemr 00.

ῙΟΒ.

 

512

0101οε 10010 301110 000 aman) 7. 80100 sortitu)
110 10 01000000 110 80130001, 01 110000 101) 0’000
01ογ090) 10001οἰ00 depuis 10 010010 110 000 pind
1000000 00 0010100181) 110 00 10010. 8. Lora il 01101
00 1010 0001 0’00 3101101, 01 11 00101182) 00010 001

00011100. 9. Et 10 femme luy 1111, Ratione-”Mn eu· -

00100 10 01100100009 Βο01 10 80130001, 01 meurs-²⁴)
10. 11 luy 1000001111, ’110 001100 0010100 000 1100
101100 femmae. Νο00 10001000 10 bien 110 80130001,
00 100011000·0000 00101 10 mal? En 1001 0001 Iob
00 00011025) 00101 00 000 101100. 11. 01 11010 01010
110 Iob aymus 0ογ 1000 100 100οκ 001 luy 00101001
01110000, 0’001 00001011, Ε1101100 ’.[1100100110, Βο111011
8011110, 01 Ζο01ιο1 Νο0100111110, vindrenm) 110 1100
00 110 habitoyent: ,00τῖ7) 110 0’000011101001 110 venir
0001 01011 001000001οο 1101οῑ, 01 10 00000101. 12. 01
00 101001 10010 yeux 110 1010 00 10 003001001 000,
01 0010”) 110 0010101001 10010 1011, 01 3011111001, 01
1100011010οι 10010 10110039) 01101101001’0) 10 000001010
001 10010 011010 1010 10 0101, 13. Et 0’00011001 0100
luy 0 10110 001 1’000000 110 0001 10010, 01 110 0001
001010, 101101000131) 000 001 00 0000011 0101, 001 110
νογοιξὲιζξ) 000 00 11001001 001011 310011οω001 003·
1000 .

01ιο01110 111.

1. Cela 1011, Iob 001111 00 11000110, 01 mandit
1ἕ111011111ῗὲ0011201811 1118 ξὲξὰἕοῖἰεξὲῗ 0161οᾱ111110130ορ11οῗ
000110 11 fut annonoffiss) qu'un 001001 10001οἦ 001011
000000. 4. Quo 00 1001-10 0011 0110001014 110 1000·
bros, 000 10 Dion d'enhaut⁸) 00 10 10001010 00101,
00’11 n'y 011 00101 110 010110 0001 illuminem) 5. Quo
100 10000100, 01 000 0101110 00 0¹¹) robnouroine,
qu'il 0011 00101 110 000003) 000 100088011010010 110 1001

 

:P &unffi 11000 S. 101 0000.

0010111010.
’4)01100011000. 46. otpuismmbssc.
⁴³) 0’0 ‘offense Ο. 0’000000 00101 46. 00.
²⁸ un 1101 0 000 1100.
2} wffioessfflfflmffi mmo ‚mmm ¹5 ’ω’ ‘⁰³⁶‘-
²⁹ 0110000.ωο 1001010001. nt ο ⁸ PL ω’ ω’
000001111οο1 10 00011110 001 1. 100100
000 ι001 1ογ dist 00 01.
0.

ἓ· ἓξ
‘2

)

)

3

:3 (010ῧὲΠο ne 0011 00101 0001011110 110 10011010.
⁷) 10101110 110 10 10011 10 rendunt 01100010.
⁴) 000 ln 0000 00100010 obscuro 000 0100.

 

 

