67 GENESE. 68

11 1881 811, Nom 18818 1088 88188 181188 1011 188
lieux foibles 88 18 18118. 13. Et 118 108908811881,
Νο88 80181888 80888 118188 188 8811118818, enfans
d’un 1888188 homme 88 18 18118 (18 chanaan: 888-
88818 18 9188 98111 881 auiourd‘huy 8180 808118 9818,
81 88 8’881 9188. 14. Dereohef Ioseph leur dit,
O’ent 88 888 18 1088 818018, 1088 88188 8891881
15. En 08 1088 88188 8891081881 98118 118 88 Ρ118-
180 1088 88 80111188 8’101, 81808 quand 108118 98111
frere 8818 101 1888. 16. Ε810188·88 1’88 88 1088
881 8188118 108118 frere, 18818 1088 88188 1188, 858
888 108 9810188 801881 8891081888, 88881011 81 ve·
1116 881 8180 10881 81 81808, 981 18 118 88 Ρ118180
1088 88188 889188. 17. Ε1 81881 il 188 mit 88 911808
981 11018 10818. Mais 88 1101818188 1081 1088911 1881
811, 18. Fuitne 8818, 81 1088 1111881 18 eruin Dieu.
19. si 1088 88188 91888Ἰ10181888, 1’88 (18 108 freres
8011 116 88 18 1881808 (18 108118 38188, 81 1088 88
81188, 181888888 888 11018811188, pour 18 famine 88
108118 1881808. 20. Ε1 ω’8818888 108118 98111 frore,
81 108 9810188 801881 1811118881 ‘pour ainsi· 10118 88
11111 11118 ’1.111“1.111..Ξ1ἒ1.·ὲε 11111
808118 frere: 081 8088 81088 188 1’88 1888 88 808
2¹¹³.‘330⁶‘¹·¹²2¹1'.‘¹ 3¹..2‘ztffld5‘z1'5'33ffiasss '2511212‘1‘3332 ¹3:23:ss
881 88181188. 22. Et Rubon 1881 rospondit, 818881,
Ne 8088 ay-ie point 918811, 818881, Ν8 9801188 90181
008118 1’8818811 81 1088 8’011818188 point? Et 88881
10101 808 8883 881 188818. 23. Ε1 10881 1 0101881
888 Ioseph 18818881811 9081 881881 88’1 y 81011
118011818881 entr’eux. ⁵ 24. Luy 88 888108188 (1’881,
3111193ζὲ ..1’ῗέμῖῑῖῗὲ.ὲ13ἲιξ·υ,ἓ“,ἕιῖἕῗ“ἑδ.81ΐί.ῗέἶ
1088911 0018188888 88’08 81891181 18818 8808 88 fro·
18881, 81 88’08 restituant 1’813881 8’88 0118088 d’eux
88 808 880, 81 qu’on 1881 8088881 90811018808 9081
18 voye. 26. Et ainsi 1881 181 fait. Et 1811881 1881
1116 881 18818 88888, 81 8’88 81181881 88 18. 27. Ε1
1’88 d’oux ouvrit 808 888 9081 808881 18 91018888
8 808 8888 8 1’1108181181181 1018 11 1811 808 813881
881 881011 8 18 388818 88 808 880, 81 811 8 888 118188,
28. Mon 813881 ω’881 188881 etde faint 18 10101 88
1808 880. Et 18 80881 1881 11888811111, 81 furunt 88-
90188188 8888181118, 818888, Qu'est 8801 888 1)188
8088 8 fait? 29. Et 118 98118181881 88 18 18118 88
01188888 8 188011 1881 9818, 81 luy 18808181881 tout
88 qui 1881 881011 881888, 818888, 30. Π8 homme
88138881 88 18 18118 8 98116 8 8088 188818881, 81
8088 8 1898188 0018188 889188 (18 pays. 31. Μ818
8088 luy 1889088181888, Nous 80181888 18811188, 8088
88 80181888 90181 889188. 32. Νο88 80181888 80888
118188, fils 88 808118 98181 1’88 88 18818 9188, 81 18
plus petit 881 8810818’118 8180 808118 9818 88 18
18118 88 01188888. 33. 1 8881 11018188 88138881 88
18 18118 8088 1889081111, En 08 0038018118948 88’88188

 

91888’110181888, 11818888 1’88 88 108 118188 8188 moy,
81 918888 du froment 808118 18 famine 88 108 1881·
8088, 81 1088 88 81188. 34. Ε1 amouens-moy 108118
petit 11818. Lora 18 0038018118] 888 1088 8’88188
90181 88918818, 18818 1811111881 18 1088 baillet-ay 108118
frere, 81 11818888188 88 18 18118. 35. Ε1 81118181
qu’eux 1818888 18818 8808, 10181 18 988881 88 1’81-
3881 (1’88 0118088 881011 88 808 8801 81 1811881 188
11ἓέξὲ 10311111ἳὲ11βέ..111,13181Ἢ
. . ,
818 8881111188, Ioseph 88 18818 9188, Simeon n’ 881
90181, 81 1088 918888 Bon-iamin: tontes 088 8 0888
8081 808118 moy. 37. Ε1 Β81188 188908811 8 808
9818, 818881, Fay 1808111 1888 doux 881888, 81 18 88
18 18 18188881 1181118-18 moy 88 188 main, 811818 18
18108188181. 38. Ε1 11 188908811, Mon file 88 888-
8881118 90181 8188 vous: 081 808 frore 881 mort, 81
88818 -01 seulement 881 188161 81 18 18011 luy 88·
vien 1011 88 18 voye 981 laquelle 1088 1188, 11081
fel-lies: 8880118818 1118 1181118888 8180 8081881 88 88-
98 8 18.

chapitre xmn.

l. 01 18 famine fut 311818 88 18 18118. 2. Ε1
81118181 0018188 118 881881 8011816 88 8188 1 18818
111188, 88’118 8101881 8188888 (1Ἐ3γ918, 881 9818
1881 dit, Rotournez, 81 80118188 8088 88 988 88 110-
1881118. 3. Ε1 luda 181 1889081111, 818881, Cast 11018188-
18 8088 8 91018816, 8188111, Voue 88 181188 90181
188 1808, 8888 888 108118 frere 8011 8180 1088.
4. S’il 18 918181 d'envoyer 808118 frere 8180 8088,
8088 88808881088, 81 1’88118181088 888 110188111881
5. Mais s’il 88 18 918181 88 1’8810181, 8088 n’y 888·
88881088 901811 081 1’11018188 8088 811, Voue 88
30‘52213331‘ 1ῗέ ῗὲξὶςὶὶῗ 11115153 121ωᾶἓὲ
plaisir, (18 80111181 8 1’11018188 888 1088 81188 880018
88 frere? 7. Et 118 188908811881, L'homme 8’881
888818 do 8088, 81 88 808118 9818816, disant, Vostro
9818 111-11 8800189 8188-1088 90181 88 frere? 1018
8088 luy 180081881888 88108 888 propos: 8811088-
1011. 3¹:132. 11011 1332ssoessssss ‘affl‘ 1ἔὶῗὶἰῖ
8188 moy, 81 8088 8088 (88111088 88 01188118, 8088
88 11088, 81 11110881 981 81881 8088 88 moun-ons
point, 88 toy 88881 118 808118 18883818. 9. Moy-
1888188 18 18 91838, 1888181-18 88 188 188181 81 18 88
18 18 1881888, 81 si 18 88 18 18811188 88 18 918ω808,
18 1’88 sorny 0111136 8 18 98188 8 108810818-81818.
10. Quo 81 8088 8’88881088 18186, 8088 suasione 18
88 181081 888 88118 1018. 11. Α1018 181881 1881
9818 1881 dit, S'il 881 8088 81881, faites-le: 9181188
888 9188 91881881 fruito 88 18 18116 88 108 1818-
88881, 81 901188 8 1’11018188 88 98111 9188881 88 181-
8188, 81 88 98111 88 18181, 088818, myrrho, 880188,
81 amandes. 12. Ε1 918888 813881 88 8081118 88116

 

